==================== PAGE 4 (Blocks: 264) ====================
[1129.3, 787.1, 1159.4, 798.8] 42/03
[28.0, 5.0, 54.4, 10.9] FORM A3
[1073.8, 19.0, 1113.2, 23.7] GHI CHÚ / NOTE :
[1087.7, 800.3, 1149.7, 806.4] HỒ SƠ TỈ LỆ - SCALE
[1073.9, 782.0, 1099.2, 786.0] NGÀY - DATE
[1078.0, 804.8, 1112.3, 808.8] DOCUMENT TYPE
[1072.9, 736.8, 1136.5, 740.8] TÊN BẢN VẼ - DRAWING. TITLE
[1088.6, 790.5, 1101.8, 796.4] 2025
[1126.0, 811.0, 1133.2, 816.9] A1
[1121.3, 781.8, 1173.4, 785.8] BẢN VẼ SỐ - DRAWING NO
[1126.0, 820.4, 1133.2, 826.3] A3
[1075.7, 710.8, 1110.2, 714.7] HẠNG MỤC - ITEM
[1076.8, 692.2, 1173.1, 701.7] CONCEPT BASIC CONSTRUCTION DESIGN DESIGN DESIGN
[1075.7, 685.4, 1119.2, 689.4] GIAI ĐOẠN TK - PHASE
[1075.4, 645.8, 1105.6, 649.8] VẼ - DRAWN BY
[1086.4, 545.4, 1148.4, 549.4] ARCHITECTURE\CONSULTANCY
[1075.6, 551.0, 1089.7, 554.4] ĐỊA CHỈ :
[1086.8, 520.1, 1146.9, 545.6] doulasia
[1075.3, 628.1, 1115.4, 632.0] KIỂM - CHECKED BY
[1073.6, 428.0, 1100.8, 432.0] CHỦ ĐẦU TƯ:
[1075.1, 633.5, 1126.6, 639.4] SEO SANG WOOK
[1075.3, 614.1, 1151.5, 617.8] QUẢN LÝ KĨ THUẬT - TECHNICAL MANAGER
[1075.3, 599.6, 1108.5, 603.6] CHỦ TRÌ BỘ MÔN
[1075.1, 571.3, 1128.5, 582.8] GIÁM ĐỐC - DIRECTOR HWANG, SUN SOO
[1076.2, 278.6, 1151.9, 287.6] DATE DESCRIPTION REV. LẦN NỘI DUNG NGÀY
[1080.0, 432.6, 1099.6, 436.6] / CLIENT :
[1075.6, 619.6, 1135.0, 625.5] NGUYỄN XUÂN HIẾU
[1075.6, 605.4, 1135.0, 611.4] NGUYỄN XUÂN HIẾU
[1075.6, 555.3, 1159.5, 567.8] B3-18 VINHOMES GARDENIA, ĐƯỜNG HÀM NGHI PHƯỜNG TỪ LIÊM, TP HÀ NỘI TEL :(+84.4) 3253 5132 FAX: (+84.4) 3253 5131
[1099.9, 428.0, 1161.6, 436.6] CÔNG TY TNHH VINATECH VINA VINATECH VINA CO.,LTD
[1075.3, 585.5, 1135.0, 597.2] CHỦ NHIỆM DỰ ÁN NGUYỄN XUÂN HIẾU
[1074.4, 510.6, 1168.4, 519.4] TƯ VẤN THIẾT KẾ : CÔNG TY TNHH DOUL ASIA DESIGNER CONSULTANCY : DOUL ASIA CO., LTD
[1075.1, 659.2, 1132.2, 665.1] HOÀNG DIỄM HẰNG
[1085.5, 372.9, 1165.2, 380.4] DỰ ÁN VINATECH VINA
[1106.4, 383.8, 1144.9, 391.3] HƯNG YÊN
[1074.8, 812.1, 1115.2, 825.0] ĐIỆN NHẸ COMMUNICATE
[1073.5, 411.2, 1160.8, 423.9] ĐỊA CHỈ/ADDRESS: LÔ CN7.4-5 KHU CÔNG NGHIỆP SẠCH; XÃ XUÂN TRÚC, TỈNH HƯNG YÊN, VIỆT NAM.
[1073.8, 493.3, 1106.0, 496.8] ĐỊA CHỈ/ADDRESS:
[1073.5, 498.8, 1156.8, 506.5] SỐ 410, KHU PHỐ HÀ LIỄU, PHƯỜNG PHƯƠNG LIỄU, TỈNH BẮC NINH , VIỆT NAM.
[1075.7, 340.7, 1157.1, 346.5] TÊN DỰ ÁN / PROJECT NAME
[1080.5, 750.8, 1160.9, 763.4] PRODUCT QUANTITY SUMMARY PRODUCT QUANTITY SUMMARY
[1080.5, 716.7, 1160.9, 729.5] PRODUCT QUANTITY SUMMARY PRODUCT QUANTITY SUMMARY
[86.5, 169.2, 92.1, 179.4] 1
[86.5, 190.1, 92.1, 200.2] 2
[86.5, 211.0, 92.1, 221.1] 3
[86.5, 231.8, 92.1, 242.0] 4
[86.5, 252.7, 92.1, 262.9] 5
[77.6, 102.3, 385.6, 118.9] No. Product & Description Unit Q'ty
[72.1, 46.6, 378.0, 69.1] PRODUCT QUANTITY SUMMARY
[408.5, 169.2, 414.0, 179.4] 1
[408.5, 190.1, 414.0, 200.2] 2
[408.5, 211.0, 414.0, 221.1] 3
[408.5, 231.8, 414.0, 242.0] 4
[408.5, 252.7, 414.0, 262.9] 5
[399.6, 102.3, 707.6, 118.9] No. Product & Description Unit Q'ty
[730.4, 169.2, 736.0, 179.4] 1
[730.4, 190.1, 736.0, 200.2] 2
[730.4, 211.0, 736.0, 221.1] 3
[730.4, 231.8, 736.0, 242.0] 4
[730.4, 252.7, 736.0, 262.9] 5
[721.6, 102.3, 1029.6, 118.9] No. Product & Description Unit Q'ty
[86.5, 142.9, 525.5, 158.1] II. CCTV SYSTEM I. NETWORK-PBX SYSTEM
[86.5, 273.6, 92.1, 283.8] 6
[86.5, 294.5, 92.1, 304.6] 7
[86.5, 315.4, 92.1, 325.5] 8
[86.5, 336.2, 92.1, 346.4] 9
[83.8, 357.1, 94.9, 367.3] 10
[83.8, 378.0, 94.9, 388.2] 11
[83.8, 398.9, 94.9, 409.0] 12
[83.8, 419.8, 94.9, 429.9] 13
[83.8, 440.6, 94.9, 450.8] 14
[83.8, 461.5, 94.9, 471.7] 15
[83.8, 482.4, 94.9, 492.6] 16
[83.8, 503.3, 94.9, 513.4] 17
[83.8, 524.2, 94.9, 534.3] 18
[83.8, 545.0, 94.9, 555.2] 19
[106.2, 169.2, 140.7, 179.5] Firewall
[106.2, 190.4, 185.7, 200.6] L3 Switch 24 Port
[106.2, 211.4, 185.7, 221.6] L2 Switch 48 Port
[106.2, 232.5, 185.7, 242.7] L2 Switch 24 Port
[106.2, 253.7, 185.7, 264.0] L2 Switch 08 Port
[106.2, 274.8, 162.4, 285.1] Access Point
[106.2, 295.8, 193.1, 306.1] Cable Management
[193.1, 317.0, 282.2, 327.2] 02 LAN, Wall Outlet
[193.1, 338.1, 319.8, 348.3] 01 LAN, 01 TEL, Wall Outlet
[106.2, 366.8, 133.8, 377.0] Outlet
[193.1, 401.3, 282.2, 411.6] 06 LAN, Wall Outlet
[193.1, 422.6, 285.4, 432.8] 01 LAN, Floor Outlet
[106.2, 443.7, 180.4, 453.9] Media Converter
[106.2, 464.7, 125.8, 474.9] ODF
[106.2, 485.8, 124.3, 496.1] UPS
[106.2, 506.8, 165.2, 517.1] Rack Cabinet
[106.2, 527.9, 136.6, 538.2] IP PBX
[106.2, 549.0, 147.0, 559.3] IP Phone
[193.1, 380.0, 282.2, 390.2] 04 LAN, Wall Outlet
[333.2, 169.2, 345.2, 179.5] EA
[333.2, 190.4, 345.2, 200.6] EA
[333.2, 211.4, 345.2, 221.6] EA
[333.2, 232.5, 345.2, 242.7] EA
[333.2, 253.7, 345.2, 264.0] EA
[333.2, 274.8, 345.2, 285.1] EA
[333.2, 296.0, 345.2, 306.2] EA
[330.5, 317.0, 348.0, 327.2] SET
[330.5, 338.1, 348.0, 348.3] SET
[330.5, 401.3, 348.0, 411.6] SET
[330.5, 422.6, 348.0, 432.8] SET
[333.2, 443.7, 345.2, 453.9] EA
[333.2, 464.7, 345.2, 474.9] EA
[333.2, 485.8, 345.2, 496.1] EA
[333.2, 506.9, 345.2, 517.2] EA
[333.2, 527.9, 345.2, 538.2] EA
[333.2, 549.0, 345.2, 559.3] EA
[330.5, 380.0, 348.0, 390.2] SET
[366.6, 169.2, 377.8, 179.5] 01
[366.6, 190.4, 377.8, 200.6] 01
[366.6, 211.4, 377.8, 221.6] 03
[366.6, 232.5, 377.8, 242.7] 02
[366.6, 253.7, 377.8, 264.0] 05
[366.6, 274.8, 377.8, 285.1] 08
[366.6, 296.0, 377.8, 306.2] 14
[366.6, 317.0, 377.8, 327.2] 04
[366.6, 338.1, 377.8, 348.3] 03
[366.6, 401.3, 377.8, 411.6] 01
[366.6, 422.6, 377.8, 432.8] 58
[366.6, 443.7, 377.8, 453.9] 02
[366.6, 464.7, 377.8, 474.9] 09
[366.6, 485.8, 377.8, 496.1] 01
[366.6, 506.9, 377.8, 517.2] 09
[366.6, 527.9, 377.8, 538.2] 01
[366.6, 549.0, 377.8, 559.3] 23
[366.6, 380.0, 377.8, 390.2] 06
[408.5, 273.6, 414.0, 283.8] 6
[408.5, 315.4, 414.0, 325.5] 8
[408.5, 336.2, 414.0, 346.4] 9
[405.7, 357.1, 416.8, 367.3] 10
[405.7, 378.0, 416.8, 388.2] 11
[405.7, 398.9, 416.8, 409.0] 12
[405.7, 419.8, 416.8, 429.9] 13
[405.7, 440.6, 416.8, 450.8] 14
[405.7, 461.5, 416.8, 471.7] 15
[405.7, 482.4, 416.8, 492.6] 16
[408.5, 294.5, 527.9, 305.7] 7 L2 Switch PoE 16 Port
[428.2, 316.6, 527.9, 326.9] L2 Switch PoE 08 Port
[428.2, 337.6, 440.0, 347.9] PC
[428.2, 169.2, 447.5, 179.5] NVR
[428.2, 190.4, 547.5, 200.6] IP Bullet Outdoor Camera
[428.2, 253.1, 541.9, 263.4] IP Dome Indoor Camera
[428.2, 274.2, 532.3, 284.5] L2 Main Switch 24 Port
[658.9, 295.5, 670.8, 305.7] EA
[658.9, 316.6, 670.8, 326.9] EA
[656.2, 337.6, 673.6, 347.9] SET
[688.3, 295.5, 699.5, 305.7] 04
[688.3, 316.6, 699.5, 326.9] 07
[688.3, 337.6, 699.5, 347.9] 01
[658.9, 169.2, 670.8, 179.5] EA
[658.9, 190.4, 670.8, 200.6] EA
[658.9, 253.1, 670.8, 263.4] EA
[658.9, 274.2, 670.8, 284.5] EA
[688.3, 169.2, 699.5, 179.5] 02
[688.3, 190.4, 699.5, 200.6] 30
[688.3, 253.1, 699.5, 263.4] 48
[688.3, 274.2, 699.5, 284.5] 01
[428.2, 357.2, 462.4, 367.4] Monitor
[428.2, 441.4, 476.6, 451.7] Cable Tray
[428.2, 462.5, 469.5, 472.8] Man hole
[428.2, 378.2, 502.4, 388.4] Media Converter
[428.2, 399.3, 515.1, 409.5] Cable Management
[428.2, 420.4, 447.7, 430.7] ODF
[428.2, 483.6, 485.1, 493.9] Camera Pole
[428.2, 525.5, 498.6, 535.8] Outside cabinet
[658.9, 357.2, 699.5, 367.4] EA 03
[656.2, 441.4, 673.6, 451.7] SET
[658.9, 462.5, 670.8, 472.8] EA
[688.3, 441.4, 699.5, 451.7] 01
[688.3, 462.5, 699.5, 472.8] 11
[656.2, 378.3, 673.6, 388.5] SET
[658.9, 399.3, 670.8, 409.5] EA
[658.9, 420.4, 670.9, 430.8] EA
[658.9, 483.6, 670.8, 493.9] EA
[658.9, 525.5, 670.8, 535.8] EA
[688.3, 378.3, 699.5, 388.5] 18
[688.3, 399.3, 699.5, 409.5] 11
[688.3, 420.4, 699.6, 430.8] 18
[688.3, 483.6, 699.5, 493.9] 11
[688.3, 525.5, 699.5, 535.8] 01
[408.5, 572.5, 414.0, 582.7] 1
[408.5, 593.4, 414.0, 603.6] 2
[408.5, 614.3, 414.0, 624.4] 3
[408.5, 635.2, 414.0, 645.3] 4
[408.5, 656.0, 414.0, 666.2] 5
[408.5, 676.9, 414.0, 687.1] 6
[408.5, 697.8, 414.0, 708.0] 7
[408.5, 718.7, 414.0, 728.8] 8
[408.5, 739.6, 414.0, 749.7] 9
[405.7, 760.4, 416.8, 770.6] 10
[405.7, 781.3, 416.8, 791.5] 11
[408.5, 546.2, 541.8, 561.5] III. TA/AC SYSTEM
[428.2, 572.6, 504.9, 582.8] Time Attendance
[428.2, 593.7, 494.1, 603.9] Access Control
[428.2, 677.9, 466.8, 688.2] Flapgate
[428.2, 699.0, 467.8, 709.3] Doorlock
[428.2, 720.2, 478.0, 730.4] Exit Button
[428.2, 741.2, 440.0, 751.4] PC
[428.2, 783.4, 478.2, 793.7] Inox Fence
[428.2, 762.3, 520.8, 772.5] Faces sample device
[428.2, 614.7, 507.7, 624.9] L2 Switch 16 Port
[428.2, 635.8, 507.7, 646.1] L2 Switch 08 Port
[428.2, 656.9, 515.1, 667.2] Cable Management
[658.9, 572.6, 670.8, 582.8] EA
[658.9, 593.7, 670.8, 603.9] EA
[658.9, 677.9, 670.8, 688.2] EA
[658.9, 699.0, 670.8, 709.3] EA
[658.9, 720.2, 670.8, 730.4] EA
[688.7, 572.6, 699.9, 582.8] 05
[688.7, 593.7, 699.9, 603.9] 16
[688.7, 677.9, 699.9, 688.2] 06
[688.7, 699.0, 699.9, 709.3] 06
[688.7, 720.2, 699.9, 730.4] 06
[658.9, 741.2, 670.8, 751.4] EA
[656.2, 783.4, 673.6, 793.7] SET
[688.7, 741.2, 699.9, 751.4] 01
[688.7, 783.4, 699.9, 793.7] 02
[658.9, 762.3, 699.9, 772.5] EA 01
[658.9, 614.8, 670.8, 625.1] EA
[658.9, 635.8, 670.8, 646.1] EA
[688.7, 614.8, 699.9, 625.1] 01
[688.7, 635.8, 699.9, 646.1] 02
[658.9, 656.9, 699.9, 667.2] EA 03
[730.4, 273.6, 736.0, 283.8] 6
[730.4, 294.5, 736.0, 304.6] 7
[730.4, 315.4, 736.0, 325.5] 8
[730.4, 336.2, 736.0, 346.4] 9
[750.1, 169.2, 807.9, 179.5] Sound Timer
[750.1, 190.4, 794.1, 200.6] CD Player
[750.1, 211.4, 790.0, 221.6] Amplifier
[750.1, 253.5, 840.6, 263.7] Remote Microphone
[750.1, 274.6, 819.8, 284.9] Ceiling Speaker
[750.1, 295.7, 809.1, 306.0] Wall Speaker
[750.1, 316.7, 811.7, 327.0] Horn Speaker
[750.1, 337.8, 809.1, 348.1] Rack Cabinet
[750.1, 232.5, 836.9, 242.7] Amplifier Extension
[980.5, 169.2, 992.4, 179.5] EA
[980.5, 190.4, 992.4, 200.6] EA
[980.5, 211.4, 992.4, 221.6] EA
[980.5, 253.6, 992.4, 263.9] EA
[1011.5, 169.2, 1022.7, 179.5] 01
[1011.5, 190.4, 1022.7, 200.6] 01
[1011.5, 211.4, 1022.7, 221.6] 01
[1011.5, 253.6, 1022.7, 263.9] 01
[980.5, 274.6, 992.4, 284.9] EA
[980.5, 295.7, 992.4, 306.0] EA
[1011.5, 274.6, 1022.7, 284.9] 56
[1011.5, 295.7, 1022.7, 306.0] 36
[980.5, 316.8, 1022.7, 327.1] EA 04
[980.5, 337.8, 1022.7, 348.1] EA 01
[980.5, 232.5, 1022.7, 242.7] EA 01
[730.4, 142.9, 832.0, 158.1] IV. PA SYSTEM
[730.4, 358.3, 1022.7, 394.9] 1 Testing Box EA 01 V. GROUNDING SYSTEM
[730.4, 406.7, 1022.7, 443.4] 1 ODF EA 01 VI. ISP LINE SYSTEM
[193.1, 359.0, 377.8, 369.2] 01 LAN, Wall Outlet SET 22
[428.2, 211.2, 699.5, 221.5] IP Bullet Flame Outdoor Camera EA 02
[405.7, 503.3, 699.8, 515.1] Rack Cabinet EA 01 17
[428.2, 232.1, 699.5, 242.4] IP Bullet Explosion-Proof Outdoor Camera EA 01
[405.7, 524.2, 416.8, 534.3] 18


