StartT=895195819,CurTableIndex=,          
STEP,TIME,V,I,CHARGE,DISCHARGE,Grade,OCV,GRADE,DCR,GRADE,
1,0.373000,2.310200,0.348830,0.000000,0.000000,,2.310200,,0.000000,
1,0.373000,2.310200,0.348830,0.000000,0.000000,,2.310200,1,0.000000,
2,2.354000,2.360190,799.473450,25.781876,0.000000,,2.310200,1,0.000000,
2,2.354000,2.360190,799.473450,25.781876,0.000000,,2.310200,1,0.000000,
2,2.865000,2.369490,799.421265,28.820702,0.000000,,2.310200,1,0.000000,
2,3.384000,2.378710,799.437988,31.124533,0.000000,,2.310200,1,0.000000,
2,3.895000,2.387940,799.461609,32.763386,0.000000,,2.310200,1,0.000000,
2,4.406000,2.397110,799.458191,34.063229,0.000000,,2.310200,1,0.000000,
2,4.918000,2.409280,799.427979,34.008373,0.000000,,2.310200,1,0.000000,
2,5.430000,2.418430,799.438232,34.947704,0.000000,,2.310200,1,0.000000,
2,5.942000,2.427490,799.449951,35.764088,0.000000,,2.310200,1,0.000000,
2,6.461000,2.436550,799.446533,36.505539,0.000000,,2.310200,1,0.000000,
2,6.972000,2.445580,799.397522,37.104656,0.000000,,2.310200,1,0.000000,
2,7.483000,2.457640,799.385803,36.833282,0.000000,,2.310200,1,0.000000,
2,7.995000,2.466640,799.405884,37.342773,0.000000,,2.310200,1,0.000000,
2,8.510000,2.475680,799.427673,37.801132,0.000000,,2.310200,1,0.000000,
2,9.021000,2.484670,799.417725,38.203396,0.000000,,2.310200,1,0.000000,
2,9.540000,2.496670,799.421082,37.965069,0.000000,,2.310200,1,0.000000,
2,10.051000,2.505560,799.417725,38.335617,0.000000,,2.310200,1,0.000000,
2,10.561000,2.514560,799.411011,38.648071,0.000000,,2.310200,1,0.000000,
2,11.073000,2.523460,799.407837,38.959923,0.000000,,2.310200,1,0.000000,
2,11.584000,2.532380,799.410950,39.239098,0.000000,,2.310200,1,0.000000,
2,12.104000,2.544130,799.362122,39.041950,0.000000,,2.310200,1,0.000000,
2,12.614000,2.553050,799.336609,39.290421,0.000000,,2.310200,1,0.000000,
2,13.126000,2.561960,799.320129,39.529053,0.000000,,2.310200,1,0.000000,
2,13.636000,2.570770,799.352051,39.760384,0.000000,,2.310200,1,0.000000,
2,14.147000,2.579640,799.350281,39.970406,0.000000,,2.310200,1,0.000000,
2,14.658000,2.591320,799.340271,39.759869,0.000000,,2.310200,1,0.000000,
2,15.177000,2.600140,799.310059,39.984116,0.000000,,2.310200,1,0.000000,
2,15.721000,2.608840,799.303589,40.278999,0.000000,,2.310200,1,0.000000,
2,16.232000,2.617590,799.306946,40.463455,0.000000,,2.310200,1,0.000000,
2,16.743000,2.629290,799.342285,40.257435,0.000000,,2.310200,1,0.000000,
2,17.254000,2.638020,799.347290,40.433361,0.000000,,2.310200,1,0.000000,
2,17.764999,2.646740,799.360718,40.601322,0.000000,,2.310200,1,0.000000,
2,18.284000,2.655400,799.423035,40.786636,0.000000,,2.310200,1,0.000000,
2,18.795000,2.666970,799.508606,40.607113,0.000000,,2.310200,1,0.000000,
2,19.304001,2.675610,799.525330,40.762283,0.000000,,2.310200,1,0.000000,
2,19.813999,2.684340,799.494995,40.902374,0.000000,,2.310200,1,0.000000,
2,20.323999,2.692980,799.566223,41.045803,0.000000,,2.310200,1,0.000000,
2,20.834000,2.701590,799.734375,41.186211,0.000000,,2.310200,1,0.000000,
2,21.351999,2.704950,512.942200,41.701813,0.000000,,2.310200,1,0.000000,
2,21.862000,2.704060,301.142365,42.329105,0.000000,,2.310200,1,0.000000,
2,22.372000,2.700700,84.535507,42.951138,0.000000,,2.310200,1,0.000000,
2,22.884001,2.700200,79.549370,43.115517,0.000000,,2.310200,1,0.000000,
2,23.395000,2.700290,69.230247,43.203854,0.000000,,2.310200,1,0.000000,
2,23.906000,2.700260,55.617390,43.289787,0.000000,,2.310200,1,0.000000,
2,24.424999,2.700230,47.738590,43.362587,0.000000,,2.310200,1,0.000000,
2,24.936001,2.700230,41.846451,43.421844,0.000000,,2.310200,1,0.000000,
2,25.447001,2.700240,37.311478,43.473080,0.000000,,2.310200,1,0.000000,
2,25.958000,2.700300,33.870388,43.513393,0.000000,,2.310200,1,0.000000,
2,26.469999,2.700330,30.500189,43.552662,0.000000,,2.310200,1,0.000000,
2,26.981001,2.700290,28.661610,43.596306,0.000000,,2.310200,1,0.000000,
2,27.500999,2.700280,27.156639,43.635002,0.000000,,2.310200,1,0.000000,
2,28.011999,2.700310,25.910969,43.666706,0.000000,,2.310200,1,0.000000,
2,28.523001,2.700290,24.739529,43.702469,0.000000,,2.310200,1,0.000000,
2,29.034000,2.700270,23.443470,43.736603,0.000000,,2.310200,1,0.000000,
2,29.546000,2.700310,22.608509,43.762585,0.000000,,2.310200,1,0.000000,
2,30.066999,2.700280,21.871170,43.795982,0.000000,,2.310200,1,0.000000,
2,30.577000,2.700210,21.194389,43.832359,0.000000,,2.310200,1,0.000000,
2,31.089001,2.700120,20.339060,43.870098,0.000000,,2.310200,1,0.000000,
2,31.600000,2.700100,19.709379,43.898872,0.000000,,2.310200,1,0.000000,
2,32.112000,2.700180,19.153889,43.915554,0.000000,,2.310200,1,0.000000,
2,32.631001,2.700170,18.823980,43.942184,0.000000,,2.310200,1,0.000000,
2,33.151001,2.700230,18.453709,43.960468,0.000000,,2.310200,1,0.000000,
2,33.662998,2.700270,17.898180,43.980000,0.000000,,2.310200,1,0.000000,
2,34.174000,2.700240,17.372890,44.006748,0.000000,,2.310200,1,0.000000,
2,34.686001,2.700220,16.972179,44.031796,0.000000,,2.310200,1,0.000000,
2,35.196999,2.700110,16.642269,44.066570,0.000000,,2.310200,1,0.000000,
2,35.708000,2.700190,16.319080,44.079262,0.000000,,2.310200,1,0.000000,
2,36.389999,2.700200,15.891459,44.106556,0.000000,,2.310200,1,0.000000,
2,36.902000,2.700160,15.682630,44.132034,0.000000,,2.310200,1,0.000000,
2,37.414001,2.700180,15.440280,44.150402,0.000000,,2.310200,1,0.000000,
2,37.924999,2.700240,15.241670,44.163830,0.000000,,2.310200,1,0.000000,
2,38.435001,2.700260,15.053140,44.181538,0.000000,,2.310200,1,0.000000,
2,38.948002,2.700250,14.753420,44.202477,0.000000,,2.310200,1,0.000000,
2,39.466000,2.700240,14.383120,44.223156,0.000000,,2.310200,1,0.000000,
2,39.977001,2.700210,14.033130,44.245392,0.000000,,2.310200,1,0.000000,
2,40.487000,2.700190,13.773870,44.266048,0.000000,,2.310200,1,0.000000,
2,40.997002,2.700210,13.642590,44.281853,0.000000,,2.310200,1,0.000000,
2,41.505001,2.700190,13.541440,44.302025,0.000000,,2.310200,1,0.000000,
2,42.015999,2.700200,13.383329,44.318684,0.000000,,2.310200,1,0.000000,
2,42.534000,2.700230,13.201389,44.333065,0.000000,,2.310200,1,0.000000,
2,43.046001,2.700260,13.056600,44.347019,0.000000,,2.310200,1,0.000000,
2,43.557999,2.700260,12.888269,44.364212,0.000000,,2.310200,1,0.000000,
2,44.073002,2.700230,12.733560,44.384739,0.000000,,2.310200,1,0.000000,
2,44.584999,2.700220,12.555180,44.402649,0.000000,,2.310200,1,0.000000,
2,45.104000,2.700220,12.400089,44.419415,0.000000,,2.310200,1,0.000000,
2,45.615002,2.700160,12.265320,44.442612,0.000000,,2.310200,1,0.000000,
2,46.126999,2.700210,12.053189,44.452999,0.000000,,2.310200,1,0.000000,
2,46.639000,2.700210,11.962420,44.468914,0.000000,,2.310200,1,0.000000,
2,47.150002,2.700220,11.908549,44.483551,0.000000,,2.310200,1,0.000000,
2,47.662998,2.700170,11.922140,44.505119,0.000000,,2.310200,1,0.000000,
2,48.186001,2.700160,11.834539,44.522358,0.000000,,2.310200,1,0.000000,
2,48.733002,2.700200,11.642660,44.534397,0.000000,,2.310200,1,0.000000,
2,49.271000,2.700210,11.386660,44.549282,0.000000,,2.310200,1,0.000000,
2,49.867001,2.700200,11.107380,44.567791,0.000000,,2.310200,1,0.000000,
2,50.502998,2.700130,10.996220,44.594055,0.000000,,2.310200,1,0.000000,
2,50.502998,2.700130,10.996220,44.594055,0.000000,,2.310200,1,0.000000,
2,51.073002,2.700210,11.016410,44.601078,0.000000,,2.310200,1,0.000000,
3,2.128000,2.649620,801.472778,44.601078,0.000000,,2.310200,1,-8.768460,
3,2.128000,2.649620,801.472778,44.601078,0.000000,,2.310200,1,-8.768460,
3,2.639000,2.640460,801.518372,44.601078,0.000000,,2.310200,1,-8.768460,
3,2.639000,2.640460,801.518372,44.601078,0.000000,,2.310200,1,-8.768460,
3,3.159000,2.628330,801.368286,44.601078,0.000000,,2.310200,1,-8.768460,
3,3.159000,2.628330,801.368286,44.601078,0.000000,,2.310200,1,-8.768460,
3,3.668000,2.619320,801.278931,44.601078,0.000000,,2.310200,1,-8.768460,
3,3.668000,2.619320,801.278931,44.601078,0.000000,,2.310200,1,-8.768460,
3,4.178000,2.610330,801.103577,44.601078,0.000000,,2.310200,1,-8.768460,
3,4.178000,2.610330,801.103577,44.601078,0.000000,,2.310200,1,-8.768460,
3,4.689000,2.601410,801.123962,44.601078,0.000000,,2.310200,1,-8.768460,
3,4.689000,2.601410,801.123962,44.601078,0.000000,,2.310200,1,-8.768460,
3,5.200000,2.592440,801.130798,44.601078,0.000000,,2.310200,1,-8.768460,
3,5.200000,2.592440,801.130798,44.601078,0.000000,,2.310200,1,-8.768460,
3,5.711000,2.580450,801.209839,44.601078,0.000000,,2.310200,1,-8.768460,
3,5.711000,2.580450,801.209839,44.601078,0.000000,,2.310200,1,-8.768460,
3,6.230000,2.571460,800.758057,44.601078,0.000000,,2.310200,1,-8.768460,
3,6.230000,2.571460,800.758057,44.601078,0.000000,,2.310200,1,-8.768460,
3,6.740000,2.562550,800.356934,44.601078,0.000000,,2.310200,1,-8.768460,
3,6.740000,2.562550,800.356934,44.601078,0.000000,,2.310200,1,-8.768460,
3,7.258000,2.553670,799.976135,44.601078,0.000000,,2.310200,1,-8.768460,
3,7.258000,2.553670,799.976135,44.601078,0.000000,,2.310200,1,-8.768460,
3,7.768000,2.541870,799.794189,44.601078,0.000000,,2.310200,1,-8.768460,
3,7.768000,2.541870,799.794189,44.601078,0.000000,,2.310200,1,-8.768460,
3,8.279000,2.533030,799.760620,44.601078,0.000000,,2.310200,1,-8.768460,
3,8.279000,2.533030,799.760620,44.601078,0.000000,,2.310200,1,-8.768460,
3,8.790000,2.524180,799.723328,44.601078,0.000000,,2.310200,1,-8.768460,
3,8.790000,2.524180,799.723328,44.601078,0.000000,,2.310200,1,-8.768460,
3,9.311000,2.515220,799.676208,44.601078,0.000000,,2.310200,1,-8.768460,
3,9.311000,2.515220,799.676208,44.601078,0.000000,,2.310200,1,-8.768460,
3,9.822000,2.506280,799.642456,44.601078,0.000000,,2.310200,1,-8.768460,
3,9.822000,2.506280,799.642456,44.601078,0.000000,,2.310200,1,-8.768460,
3,10.332000,2.494350,799.635315,44.601078,0.000000,,2.310200,1,-8.768460,
3,10.332000,2.494350,799.635315,44.601078,0.000000,,2.310200,1,-8.768460,
3,10.842000,2.485460,799.701111,44.601078,0.000000,,2.310200,1,-8.768460,
3,10.842000,2.485460,799.701111,44.601078,0.000000,,2.310200,1,-8.768460,
3,11.381000,2.476570,799.737793,44.601078,0.000000,,2.310200,1,-8.768460,
3,11.381000,2.476570,799.737793,44.601078,0.000000,,2.310200,1,-8.768460,
3,11.891000,2.467660,799.749756,44.601078,0.000000,,2.310200,1,-8.768460,
3,11.891000,2.467660,799.749756,44.601078,0.000000,,2.310200,1,-8.768460,
3,12.409000,2.455780,799.802368,44.601078,0.000000,,2.310200,1,-8.768460,
3,12.409000,2.455780,799.802368,44.601078,0.000000,,2.310200,1,-8.768460,
3,12.919000,2.446900,799.854614,44.601078,0.000000,,2.310200,1,-8.768460,
3,12.919000,2.446900,799.854614,44.601078,0.000000,,2.310200,1,-8.768460,
3,13.429000,2.438050,799.852844,44.601078,0.000000,,2.310200,1,-8.768460,
3,13.429000,2.438050,799.852844,44.601078,0.000000,,2.310200,1,-8.768460,
3,13.940000,2.429160,799.861084,44.601078,0.000000,,2.310200,1,-8.768460,
3,13.940000,2.429160,799.861084,44.601078,0.000000,,2.310200,1,-8.768460,
3,14.450000,2.420250,799.820801,44.601078,0.000000,,2.310200,1,-8.768460,
3,14.450000,2.420250,799.820801,44.601078,0.000000,,2.310200,1,-8.768460,
3,14.960000,2.408380,799.960693,44.601078,0.000000,,2.310200,1,-8.768460,
3,14.960000,2.408380,799.960693,44.601078,0.000000,,2.310200,1,-8.768460,
3,15.482000,2.399580,799.979492,44.601078,0.000000,,2.310200,1,-8.768460,
3,15.482000,2.399580,799.979492,44.601078,0.000000,,2.310200,1,-8.768460,
3,15.993000,2.390730,799.966003,44.601078,0.000000,,2.310200,1,-8.768460,
3,15.993000,2.390730,799.966003,44.601078,0.000000,,2.310200,1,-8.768460,
3,16.514999,2.381850,799.843262,44.601078,0.000000,,2.310200,1,-8.768460,
3,16.514999,2.381850,799.843262,44.601078,0.000000,,2.310200,1,-8.768460,
3,17.025000,2.369990,799.789246,44.601078,0.000000,,2.310200,1,-8.768460,
3,17.025000,2.369990,799.789246,44.601078,0.000000,,2.310200,1,-8.768460,
3,17.646000,2.358110,799.731812,44.601078,0.000000,,2.310200,1,-8.768460,
3,17.646000,2.358110,799.731812,44.601078,0.000000,,2.310200,1,-8.768460,
3,18.167999,2.349270,799.731567,44.601078,0.000000,,2.310200,1,-8.768460,
3,18.167999,2.349270,799.731567,44.601078,0.000000,,2.310200,1,-8.768460,
3,18.677999,2.340410,799.704407,44.601078,0.000000,,2.310200,1,-8.768460,
3,18.677999,2.340410,799.704407,44.601078,0.000000,,2.310200,1,-8.768460,
3,19.188000,2.331590,799.699524,44.601078,0.000000,,2.310200,1,-8.768460,
3,19.188000,2.331590,799.699524,44.601078,0.000000,,2.310200,1,-8.768460,
3,19.697001,2.322690,799.841248,44.601078,0.000000,,2.310200,1,-8.768460,
3,19.697001,2.322690,799.841248,44.601078,0.000000,,2.310200,1,-8.768460,
3,20.207001,2.310890,799.811096,44.601078,0.000000,,2.310200,1,-8.768460,
3,20.207001,2.310890,799.811096,44.601078,0.000000,,2.310200,1,-8.768460,
3,20.716000,2.302020,799.733582,44.601078,0.000000,,2.310200,1,-8.768460,
3,20.716000,2.302020,799.733582,44.601078,0.000000,,2.310200,1,-8.768460,
3,21.235001,2.293190,799.650940,44.601078,0.000000,,2.310200,1,-8.768460,
3,21.235001,2.293190,799.650940,44.601078,0.000000,,2.310200,1,-8.768460,
3,21.743999,2.284390,799.657654,44.601078,0.000000,,2.310200,1,-8.768460,
3,21.743999,2.284390,799.657654,44.601078,0.000000,,2.310200,1,-8.768460,
3,22.253000,2.275530,799.681030,44.601078,0.000000,,2.310200,1,-8.768460,
3,22.253000,2.275530,799.681030,44.601078,0.000000,,2.310200,1,-8.768460,
3,22.763000,2.263780,799.692993,44.601078,0.000000,,2.310200,1,-8.768460,
3,22.763000,2.263780,799.692993,44.601078,0.000000,,2.310200,1,-8.768460,
3,23.274000,2.254940,799.757019,44.601078,0.000000,,2.310200,1,-8.768460,
3,23.274000,2.254940,799.757019,44.601078,0.000000,,2.310200,1,-8.768460,
3,23.784000,2.246120,799.777405,44.601078,0.000000,,2.310200,1,-8.768460,
3,23.784000,2.246120,799.777405,44.601078,0.000000,,2.310200,1,-8.768460,
3,24.306000,2.237270,799.897034,44.601078,0.000000,,2.310200,1,-8.768460,
3,24.306000,2.237270,799.897034,44.601078,0.000000,,2.310200,1,-8.768460,
3,24.816000,2.225560,799.782166,44.601078,0.000000,,2.310200,1,-8.768460,
3,24.816000,2.225560,799.782166,44.601078,0.000000,,2.310200,1,-8.768460,
3,25.327000,2.216700,799.728210,44.601078,0.000000,,2.310200,1,-8.768460,
3,25.327000,2.216700,799.728210,44.601078,0.000000,,2.310200,1,-8.768460,
3,25.837000,2.207910,799.635498,44.601078,0.000000,,2.310200,1,-8.768460,
3,25.837000,2.207910,799.635498,44.601078,0.000000,,2.310200,1,-8.768460,
3,26.348000,2.199060,799.602112,44.601078,0.000000,,2.310200,1,-8.768460,
3,26.348000,2.199060,799.602112,44.601078,0.000000,,2.310200,1,-8.768460,
3,26.858000,2.190310,799.629150,44.601078,0.000000,,2.310200,1,-8.768460,
3,26.858000,2.190310,799.629150,44.601078,0.000000,,2.310200,1,-8.768460,
3,27.379999,2.178600,799.622314,44.601078,0.000000,,2.310200,1,-8.768460,
3,27.379999,2.178600,799.622314,44.601078,0.000000,,2.310200,1,-8.768460,
3,27.891001,2.169830,799.620361,44.601078,0.000000,,2.310200,1,-8.768460,
3,27.891001,2.169830,799.620361,44.601078,0.000000,,2.310200,1,-8.768460,
3,28.400999,2.161040,799.630615,44.601078,0.000000,,2.310200,1,-8.768460,
3,28.400999,2.161040,799.630615,44.601078,0.000000,,2.310200,1,-8.768460,
3,28.910999,2.152280,799.607239,44.601078,0.000000,,2.310200,1,-8.768460,
3,28.910999,2.152280,799.607239,44.601078,0.000000,,2.310200,1,-8.768460,
3,29.422001,2.143460,799.686646,44.601078,46.329868,,2.310200,1,-8.768460,
3,29.422001,2.143460,799.686646,44.601078,46.329868,,2.310200,1,-8.768460,
3,29.931999,2.131750,799.730286,44.601078,39.769695,,2.310200,1,-8.768460,
3,29.931999,2.131750,799.730286,44.601078,39.769695,,2.310200,1,-8.768460,
3,30.452000,2.122980,799.819336,44.601078,42.059944,,2.310200,1,-8.768460,
3,30.452000,2.122980,799.819336,44.601078,42.059944,,2.310200,1,-8.768460,
3,30.961000,2.114240,799.785400,44.601078,43.098282,,2.310200,1,-8.768460,
3,30.961000,2.114240,799.785400,44.601078,43.098282,,2.310200,1,-8.768460,
3,31.472000,2.105560,799.785522,44.601078,43.838917,,2.310200,1,-8.768460,
3,31.472000,2.105560,799.785522,44.601078,43.838917,,2.310200,1,-8.768460,
3,31.982000,2.096870,799.814270,44.601078,44.324986,,2.310200,1,-8.768460,
3,31.982000,2.096870,799.814270,44.601078,44.324986,,2.310200,1,-8.768460,
3,32.492001,2.085230,799.853333,44.601078,42.713791,,2.310200,1,-8.768460,
3,32.492001,2.085230,799.853333,44.601078,42.713791,,2.310200,1,-8.768460,
3,33.002998,2.076490,799.854858,44.601078,43.180973,,2.310200,1,-8.768460,
3,33.002998,2.076490,799.854858,44.601078,43.180973,,2.310200,1,-8.768460,
3,33.526001,2.067720,799.773987,44.601078,43.649372,,2.310200,1,-8.768460,
3,33.526001,2.067720,799.773987,44.601078,43.649372,,2.310200,1,-8.768460,
3,34.035999,2.058960,799.811096,44.601078,43.922901,,2.310200,1,-8.768460,
3,34.035999,2.058960,799.811096,44.601078,43.922901,,2.310200,1,-8.768460,
3,34.546001,2.047330,799.814209,44.601078,42.942253,,2.310200,1,-8.768460,
3,34.546001,2.047330,799.814209,44.601078,42.942253,,2.310200,1,-8.768460,
3,35.056000,2.038590,799.834290,44.601078,43.228958,,2.310200,1,-8.768460,
3,35.056000,2.038590,799.834290,44.601078,43.228958,,2.310200,1,-8.768460,
3,35.566002,2.029920,799.768616,44.601078,43.499481,,2.310200,1,-8.768460,
3,35.566002,2.029920,799.768616,44.601078,43.499481,,2.310200,1,-8.768460,
3,36.088001,2.021190,799.718201,44.601078,43.787201,,2.310200,1,-8.768460,
3,36.088001,2.021190,799.718201,44.601078,43.787201,,2.310200,1,-8.768460,
3,36.598999,2.012570,799.787659,44.601078,44.010708,,2.310200,1,-8.768460,
3,36.598999,2.012570,799.787659,44.601078,44.010708,,2.310200,1,-8.768460,
3,37.109001,2.001050,799.780701,44.601078,43.355362,,2.310200,1,-8.768460,
3,37.109001,2.001050,799.780701,44.601078,43.355362,,2.310200,1,-8.768460,
3,37.618999,1.992380,799.740295,44.601078,43.555378,,2.310200,1,-8.768460,
3,37.618999,1.992380,799.740295,44.601078,43.555378,,2.310200,1,-8.768460,
3,38.129002,1.983710,799.656006,44.601078,43.734669,,2.310200,1,-8.768460,
3,38.129002,1.983710,799.656006,44.601078,43.734669,,2.310200,1,-8.768460,
3,38.639999,1.975020,799.649414,44.601078,43.895817,,2.310200,1,-8.768460,
3,38.639999,1.975020,799.649414,44.601078,43.895817,,2.310200,1,-8.768460,
3,39.161999,1.966340,799.693176,44.601078,44.091652,,2.310200,1,-8.768460,
3,39.161999,1.966340,799.693176,44.601078,44.091652,,2.310200,1,-8.768460,
3,39.671001,1.954760,799.767334,44.601078,43.567570,,2.310200,1,-8.768460,
3,39.671001,1.954760,799.767334,44.601078,43.567570,,2.310200,1,-8.768460,
3,40.180000,1.946130,799.848206,44.601078,43.718491,,2.310200,1,-8.768460,
3,40.180000,1.946130,799.848206,44.601078,43.718491,,2.310200,1,-8.768460,
3,40.689999,1.937530,799.789124,44.601078,43.867157,,2.310200,1,-8.768460,
3,40.689999,1.937530,799.789124,44.601078,43.867157,,2.310200,1,-8.768460,
3,41.198002,1.928890,799.833008,44.601078,43.989346,,2.310200,1,-8.768460,
3,41.198002,1.928890,799.833008,44.601078,43.989346,,2.310200,1,-8.768460,
3,41.708000,1.920220,799.677734,44.601078,44.103466,,2.310200,1,-8.768460,
3,41.708000,1.920220,799.677734,44.601078,44.103466,,2.310200,1,-8.768460,
3,42.229000,1.908690,799.675964,44.601078,43.726288,,2.310200,1,-8.768460,
3,42.229000,1.908690,799.675964,44.601078,43.726288,,2.310200,1,-8.768460,
3,42.740002,1.900080,799.618530,44.601078,43.853706,,2.310200,1,-8.768460,
3,42.740002,1.900080,799.618530,44.601078,43.853706,,2.310200,1,-8.768460,
3,43.250000,1.891460,799.598328,44.601078,43.967880,,2.310200,1,-8.768460,
3,43.250000,1.891460,799.598328,44.601078,43.967880,,2.310200,1,-8.768460,
3,43.759998,1.882860,799.642212,44.601078,44.078053,,2.310200,1,-8.768460,
3,43.759998,1.882860,799.642212,44.601078,44.078053,,2.310200,1,-8.768460,
3,44.270000,1.871290,799.585754,44.601078,43.714420,,2.310200,1,-8.768460,
3,44.270000,1.871290,799.585754,44.601078,43.714420,,2.310200,1,-8.768460,
3,44.779999,1.862700,799.765930,44.601078,43.826054,,2.310200,1,-8.768460,
3,44.779999,1.862700,799.765930,44.601078,43.826054,,2.310200,1,-8.768460,
3,45.299000,1.854040,799.821411,44.601078,43.945278,,2.310200,1,-8.768460,
3,45.299000,1.854040,799.821411,44.601078,43.945278,,2.310200,1,-8.768460,
3,45.808998,1.845490,799.895203,44.601078,44.050228,,2.310200,1,-8.768460,
3,45.808998,1.845490,799.895203,44.601078,44.050228,,2.310200,1,-8.768460,
3,46.319000,1.836870,799.822754,44.601078,44.139683,,2.310200,1,-8.768460,
3,46.319000,1.836870,799.822754,44.601078,44.139683,,2.310200,1,-8.768460,
3,46.828999,1.825410,799.721741,44.601078,43.840000,,2.310200,1,-8.768460,
3,46.828999,1.825410,799.721741,44.601078,43.840000,,2.310200,1,-8.768460,
3,47.437000,1.816760,799.709961,44.601078,44.158932,,2.310200,1,-8.768460,
3,47.437000,1.816760,799.709961,44.601078,44.158932,,2.310200,1,-8.768460,
3,47.946999,1.805270,799.795715,44.601078,43.872166,,2.310200,1,-8.768460,
3,47.946999,1.805270,799.795715,44.601078,43.872166,,2.310200,1,-8.768460,
3,48.467999,1.796640,799.765442,44.601078,43.979198,,2.310200,1,-8.768460,
3,48.467999,1.796640,799.765442,44.601078,43.979198,,2.310200,1,-8.768460,
3,48.978001,1.788060,799.787415,44.601078,44.063072,,2.310200,1,-8.768460,
3,48.978001,1.788060,799.787415,44.601078,44.063072,,2.310200,1,-8.768460,
3,49.488998,1.779490,799.728394,44.601078,44.146378,,2.310200,1,-8.768460,
3,49.488998,1.779490,799.728394,44.601078,44.146378,,2.310200,1,-8.768460,
3,49.999001,1.770900,799.736694,44.601078,44.221493,,2.310200,1,-8.768460,
3,49.999001,1.770900,799.736694,44.601078,44.221493,,2.310200,1,-8.768460,
3,50.508999,1.759410,799.665955,44.601078,43.966286,,2.310200,1,-8.768460,
3,50.508999,1.759410,799.665955,44.601078,43.966286,,2.310200,1,-8.768460,
3,51.034000,1.750750,799.704773,44.601078,44.063637,,2.310200,1,-8.768460,
3,51.034000,1.750750,799.704773,44.601078,44.063637,,2.310200,1,-8.768460,
3,51.554001,1.742140,799.723450,44.601078,44.152546,,2.310200,1,-8.768460,
3,51.554001,1.742140,799.723450,44.601078,44.152546,,2.310200,1,-8.768460,
3,52.063000,1.733570,799.677734,44.601078,44.220997,,2.310200,1,-8.768460,
3,52.063000,1.733570,799.677734,44.601078,44.220997,,2.310200,1,-8.768460,
3,52.573002,1.722100,799.661011,44.601078,43.989964,,2.310200,1,-8.768460,
3,52.573002,1.722100,799.661011,44.601078,43.989964,,2.310200,1,-8.768460,
3,53.096001,1.713480,799.623840,44.601078,44.078896,,2.310200,1,-8.768460,
3,53.096001,1.713480,799.623840,44.601078,44.078896,,2.310200,1,-8.768460,
3,53.610001,1.704890,799.691162,44.601078,44.151283,,2.310200,1,-8.768460,
3,53.610001,1.704890,799.691162,44.601078,44.151283,,2.310200,1,-8.768460,
3,54.132000,1.696290,799.731323,44.601078,44.234066,,2.310200,1,-8.768460,
3,54.132000,1.696290,799.731323,44.601078,44.234066,,2.310200,1,-8.768460,
3,54.641998,1.684830,799.810608,44.601078,44.022186,,2.310200,1,-8.768460,
3,54.641998,1.684830,799.810608,44.601078,44.022186,,2.310200,1,-8.768460,
3,55.152000,1.676160,799.866455,44.601078,44.077312,,2.310200,1,-8.768460,
3,55.152000,1.676160,799.866455,44.601078,44.077312,,2.310200,1,-8.768460,
3,55.661999,1.667530,799.799194,44.601078,44.134090,,2.310200,1,-8.768460,
3,55.661999,1.667530,799.799194,44.601078,44.134090,,2.310200,1,-8.768460,
3,56.202999,1.658960,799.752136,44.601078,44.244473,,2.310200,1,-8.768460,
3,56.202999,1.658960,799.752136,44.601078,44.244473,,2.310200,1,-8.768460,
3,56.726002,1.647500,799.765564,44.601078,44.068615,,2.310200,1,-8.768460,
3,56.726002,1.647500,799.765564,44.601078,44.068615,,2.310200,1,-8.768460,
3,57.303001,1.638910,799.738464,44.601078,44.230114,,2.310200,1,-8.768460,
3,57.303001,1.638910,799.738464,44.601078,44.230114,,2.310200,1,-8.768460,
3,57.816002,1.627380,799.685974,44.601078,44.040142,,2.310200,1,-8.768460,
3,57.816002,1.627380,799.685974,44.601078,44.040142,,2.310200,1,-8.768460,
3,58.326000,1.618780,799.716309,44.601078,44.094692,,2.310200,1,-8.768460,
3,58.326000,1.618780,799.716309,44.601078,44.094692,,2.310200,1,-8.768460,
3,58.834999,1.610170,799.901733,44.601078,44.145321,,2.310200,1,-8.768460,
3,58.834999,1.610170,799.901733,44.601078,44.145321,,2.310200,1,-8.768460,
3,59.348000,1.601560,799.884460,44.601078,44.200256,,2.310200,1,-8.768460,
3,59.348000,1.601560,799.884460,44.601078,44.200256,,2.310200,1,-8.768460,
3,59.858002,1.592910,799.916626,44.601078,44.246048,,2.310200,1,-8.768460,
3,59.858002,1.592910,799.916626,44.601078,44.246048,,2.310200,1,-8.768460,
3,60.377998,1.581410,799.733032,44.601078,44.083271,,2.310200,1,-8.768460,
3,60.377998,1.581410,799.733032,44.601078,44.083271,,2.310200,1,-8.768460,
3,60.887001,1.572780,799.791016,44.601078,44.129250,,2.310200,1,-8.768460,
3,60.887001,1.572780,799.791016,44.601078,44.129250,,2.310200,1,-8.768460,
3,61.390999,1.564230,799.828125,44.601078,44.173115,,2.310200,1,-8.768460,
3,61.390999,1.564230,799.828125,44.601078,44.173115,,2.310200,1,-8.768460,
3,61.898998,1.555640,799.863342,44.601078,44.218163,,2.310200,1,-8.768460,
3,61.898998,1.555640,799.863342,44.601078,44.218163,,2.310200,1,-8.768460,
3,62.408001,1.547060,799.829590,44.601078,44.263985,,2.310200,1,-8.768460,
3,62.408001,1.547060,799.829590,44.601078,44.263985,,2.310200,1,-8.768460,
3,62.921001,1.535620,799.765503,44.601078,44.108170,,2.310200,1,-8.768460,
3,62.921001,1.535620,799.765503,44.601078,44.108170,,2.310200,1,-8.768460,
3,63.441002,1.526970,799.787598,44.601078,44.163097,,2.310200,1,-8.768460,
3,63.441002,1.526970,799.787598,44.601078,44.163097,,2.310200,1,-8.768460,
3,63.952000,1.518320,799.816223,44.601078,44.205196,,2.310200,1,-8.768460,
3,63.952000,1.518320,799.816223,44.601078,44.205196,,2.310200,1,-8.768460,
3,64.459000,1.509670,799.881836,44.601078,44.241222,,2.310200,1,-8.768460,
3,64.459000,1.509670,799.881836,44.601078,44.241222,,2.310200,1,-8.768460,
3,64.969002,1.498250,799.925720,44.601078,44.092480,,2.310200,1,-8.768460,
3,64.969002,1.498250,799.925720,44.601078,44.092480,,2.310200,1,-8.768460,
3,65.483002,1.489620,799.927429,44.601078,44.138721,,2.310200,1,-8.768460,
3,65.483002,1.489620,799.927429,44.601078,44.138721,,2.310200,1,-8.768460,
3,65.990997,1.480970,799.895081,44.601078,44.175289,,2.310200,1,-8.768460,
3,65.990997,1.480970,799.895081,44.601078,44.175289,,2.310200,1,-8.768460,
3,66.508003,1.472330,799.888306,44.601078,44.222172,,2.310200,1,-8.768460,
3,66.508003,1.472330,799.888306,44.601078,44.222172,,2.310200,1,-8.768460,
3,67.016998,1.463670,799.942139,44.601078,44.257301,,2.310200,1,-8.768460,
3,67.016998,1.463670,799.942139,44.601078,44.257301,,2.310200,1,-8.768460,
3,67.523003,1.452120,799.895081,44.601078,44.105320,,2.310200,1,-8.768460,
3,67.523003,1.452120,799.895081,44.601078,44.105320,,2.310200,1,-8.768460,
3,68.036003,1.443400,799.807434,44.601078,44.141609,,2.310200,1,-8.768460,
3,68.036003,1.443400,799.807434,44.601078,44.141609,,2.310200,1,-8.768460,
3,68.549004,1.434730,799.686035,44.601078,44.180023,,2.310200,1,-8.768460,
3,68.549004,1.434730,799.686035,44.601078,44.180023,,2.310200,1,-8.768460,
3,69.073997,1.426040,799.718201,44.601078,44.229477,,2.310200,1,-8.768460,
3,69.073997,1.426040,799.718201,44.601078,44.229477,,2.310200,1,-8.768460,
3,69.584000,1.414540,799.838074,44.601078,44.092911,,2.310200,1,-8.768460,
3,69.584000,1.414540,799.838074,44.601078,44.092911,,2.310200,1,-8.768460,
3,70.093002,1.405880,799.991516,44.601078,44.126831,,2.310200,1,-8.768460,
3,70.093002,1.405880,799.991516,44.601078,44.126831,,2.310200,1,-8.768460,
3,70.619003,1.397210,800.038635,44.601078,44.177460,,2.310200,1,-8.768460,
3,70.619003,1.397210,800.038635,44.601078,44.177460,,2.310200,1,-8.768460,
3,71.126999,1.388580,799.997925,44.601078,44.210392,,2.310200,1,-8.768460,
3,71.126999,1.388580,799.997925,44.601078,44.210392,,2.310200,1,-8.768460,
3,71.636002,1.379820,799.989319,44.601078,44.236176,,2.310200,1,-8.768460,
3,71.636002,1.379820,799.989319,44.601078,44.236176,,2.310200,1,-8.768460,
3,72.153999,1.368220,799.943909,44.601078,44.110218,,2.310200,1,-8.768460,
3,72.153999,1.368220,799.943909,44.601078,44.110218,,2.310200,1,-8.768460,
3,72.658997,1.359470,799.920227,44.601078,44.132923,,2.310200,1,-8.768460,
3,72.658997,1.359470,799.920227,44.601078,44.132923,,2.310200,1,-8.768460,
3,73.167999,1.350820,799.868042,44.601078,44.164612,,2.310200,1,-8.768460,
3,73.167999,1.350820,799.868042,44.601078,44.164612,,2.310200,1,-8.768460,
3,73.677002,1.342120,799.859680,44.601078,44.192875,,2.310200,1,-8.768460,
3,73.677002,1.342120,799.859680,44.601078,44.192875,,2.310200,1,-8.768460,
3,74.190002,1.333440,799.870056,44.601078,44.225533,,2.310200,1,-8.768460,
3,74.190002,1.333440,799.870056,44.601078,44.225533,,2.310200,1,-8.768460,
3,74.698997,1.321820,799.957825,44.601078,44.096996,,2.310200,1,-8.768460,
3,74.698997,1.321820,799.957825,44.601078,44.096996,,2.310200,1,-8.768460,
3,75.220001,1.313110,799.994873,44.601078,44.135971,,2.310200,1,-8.768460,
3,75.220001,1.313110,799.994873,44.601078,44.135971,,2.310200,1,-8.768460,
3,75.727997,1.304380,800.046692,44.601078,44.160851,,2.310200,1,-8.768460,
3,75.727997,1.304380,800.046692,44.601078,44.160851,,2.310200,1,-8.768460,
3,76.237999,1.295650,800.060120,44.601078,44.187130,,2.310200,1,-8.768460,
3,76.237999,1.295650,800.060120,44.601078,44.187130,,2.310200,1,-8.768460,
3,76.747002,1.284030,799.960876,44.601078,44.064758,,2.310200,1,-8.768460,
3,76.747002,1.284030,799.960876,44.601078,44.064758,,2.310200,1,-8.768460,
3,77.254997,1.275260,799.922363,44.601078,44.087467,,2.310200,1,-8.768460,
3,77.254997,1.275260,799.922363,44.601078,44.087467,,2.310200,1,-8.768460,
3,77.761002,1.266490,799.928772,44.601078,44.107922,,2.310200,1,-8.768460,
3,77.761002,1.266490,799.928772,44.601078,44.107922,,2.310200,1,-8.768460,
3,78.280998,1.257750,799.955750,44.601078,44.141975,,2.310200,1,-8.768460,
3,78.280998,1.257750,799.955750,44.601078,44.141975,,2.310200,1,-8.768460,
3,78.791000,1.249010,800.021484,44.601078,44.166553,,2.310200,1,-8.768460,
3,78.791000,1.249010,800.021484,44.601078,44.166553,,2.310200,1,-8.768460,
3,79.300003,1.237330,800.062134,44.601078,44.047810,,2.310200,1,-8.768460,
3,79.300003,1.237330,800.062134,44.601078,44.047810,,2.310200,1,-8.768460,
3,79.808998,1.228540,800.043640,44.601078,44.069508,,2.310200,1,-8.768460,
3,79.808998,1.228540,800.043640,44.601078,44.069508,,2.310200,1,-8.768460,
3,80.318001,1.219760,800.073975,44.601078,44.091274,,2.310200,1,-8.768460,
3,80.318001,1.219760,800.073975,44.601078,44.091274,,2.310200,1,-8.768460,
3,80.825996,1.211000,799.999817,44.601078,44.112713,,2.310200,1,-8.768460,
3,80.825996,1.211000,799.999817,44.601078,44.112713,,2.310200,1,-8.768460,
3,81.346001,1.202170,800.003418,44.601078,44.140594,,2.310200,1,-8.768460,
3,81.346001,1.202170,800.003418,44.601078,44.140594,,2.310200,1,-8.768460,
3,81.855003,1.190390,799.872314,44.601078,44.023323,,2.310200,1,-8.768460,
3,81.855003,1.190390,799.872314,44.601078,44.023323,,2.310200,1,-8.768460,
3,82.358002,1.181620,799.921326,44.601078,44.040077,,2.310200,1,-8.768460,
3,82.358002,1.181620,799.921326,44.601078,44.040077,,2.310200,1,-8.768460,
3,82.866997,1.172880,799.981812,44.601078,44.062805,,2.310200,1,-8.768460,
3,82.866997,1.172880,799.981812,44.601078,44.062805,,2.310200,1,-8.768460,
3,83.371002,1.164120,800.055969,44.601078,44.080235,,2.310200,1,-8.768460,
3,83.371002,1.164120,800.055969,44.601078,44.080235,,2.310200,1,-8.768460,
3,83.879997,1.155330,800.033508,44.601078,44.100052,,2.310200,1,-8.768460,
3,83.879997,1.155330,800.033508,44.601078,44.100052,,2.310200,1,-8.768460,
3,84.398003,1.143520,799.878357,44.601078,43.994541,,2.310200,1,-8.768460,
3,84.398003,1.143520,799.878357,44.601078,43.994541,,2.310200,1,-8.768460,
3,84.906998,1.134700,799.827820,44.601078,44.013294,,2.310200,1,-8.768460,
3,84.906998,1.134700,799.827820,44.601078,44.013294,,2.310200,1,-8.768460,
3,85.412003,1.125850,799.852051,44.601078,44.027332,,2.310200,1,-8.768460,
3,85.412003,1.125850,799.852051,44.601078,44.027332,,2.310200,1,-8.768460,
3,85.916000,1.117000,799.909241,44.601078,44.040367,,2.310200,1,-8.768460,
3,85.916000,1.117000,799.909241,44.601078,44.040367,,2.310200,1,-8.768460,
3,86.430000,1.108140,799.917725,44.601078,44.060440,,2.310200,1,-8.768460,
3,86.430000,1.108140,799.917725,44.601078,44.060440,,2.310200,1,-8.768460,
3,86.938004,1.096340,799.927185,44.601078,43.952904,,2.310200,1,-8.768460,
3,86.938004,1.096340,799.927185,44.601078,43.952904,,2.310200,1,-8.768460,
3,87.455002,1.087450,799.905334,44.601078,43.974331,,2.310200,1,-8.768460,
3,87.455002,1.087450,799.905334,44.601078,43.974331,,2.310200,1,-8.768460,
3,87.964996,1.078570,799.920471,44.601078,43.974331,,2.310200,1,-8.768460,
3,87.964996,1.078570,799.920471,44.601078,43.974331,,2.310200,1,-8.768460,
3,88.473000,1.069700,799.871826,44.601078,43.974331,,2.310200,1,-8.768460,
3,88.473000,1.069700,799.871826,44.601078,43.974331,,2.310200,1,-8.768460,
3,88.982002,1.060840,799.908752,44.601078,43.974331,,2.310200,1,-8.768460,
3,88.982002,1.060840,799.908752,44.601078,43.974331,,2.310200,1,-8.768460,
3,89.489998,1.049010,799.951172,44.601078,43.974331,,2.310200,1,-8.768460,
3,89.489998,1.049010,799.951172,44.601078,43.974331,,2.310200,1,-8.768460,
3,90.000000,1.040090,800.031921,44.601078,43.974331,,2.310200,1,-8.768460,
3,90.000000,1.040090,800.031921,44.601078,43.974331,,2.310200,1,-8.768460,
3,90.515999,1.031160,800.005005,44.601078,43.974331,,2.310200,1,-8.768460,
3,90.515999,1.031160,800.005005,44.601078,43.974331,,2.310200,1,-8.768460,
3,91.025002,1.022210,799.982849,44.601078,43.974331,,2.310200,1,-8.768460,
3,91.025002,1.022210,799.982849,44.601078,43.974331,,2.310200,1,-8.768460,
3,91.529999,1.010280,799.919006,44.601078,43.974331,,2.310200,1,-8.768460,
3,91.529999,1.010280,799.919006,44.601078,43.974331,,2.310200,1,-8.768460,
3,92.039001,1.001330,799.922363,44.601078,43.974331,,2.310200,1,-8.768460,
3,92.039001,1.001330,799.922363,44.601078,43.974331,,2.310200,1,-8.768460,
3,92.547997,0.992400,800.001526,44.601078,43.974331,,2.310200,1,-8.768460,
3,92.547997,0.992400,800.001526,44.601078,43.974331,,2.310200,1,-8.768460,
3,93.069000,0.983420,799.954407,44.601078,43.974331,,2.310200,1,-8.768460,
3,93.069000,0.983420,799.954407,44.601078,43.974331,,2.310200,1,-8.768460,
3,93.573997,0.974450,799.964600,44.601078,43.974331,,2.310200,1,-8.768460,
3,93.573997,0.974450,799.964600,44.601078,43.974331,,2.310200,1,-8.768460,
3,94.083000,0.962500,799.885254,44.601078,43.974331,,2.310200,1,-8.768460,
3,94.083000,0.962500,799.885254,44.601078,43.974331,,2.310200,1,-8.768460,
3,94.588997,0.953540,799.846436,44.601078,43.974331,,2.310200,1,-8.768460,
3,94.588997,0.953540,799.846436,44.601078,43.974331,,2.310200,1,-8.768460,
3,95.098000,0.944600,799.849731,44.601078,43.974331,,2.310200,1,-8.768460,
3,95.098000,0.944600,799.849731,44.601078,43.974331,,2.310200,1,-8.768460,
3,95.607002,0.935590,799.780945,44.601078,43.974331,,2.310200,1,-8.768460,
3,95.607002,0.935590,799.780945,44.601078,43.974331,,2.310200,1,-8.768460,
3,96.124001,0.926540,799.875244,44.601078,43.974331,,2.310200,1,-8.768460,
3,96.124001,0.926540,799.875244,44.601078,43.974331,,2.310200,1,-8.768460,
3,96.632004,0.914550,799.927246,44.601078,43.974331,,2.310200,1,-8.768460,
3,96.632004,0.914550,799.927246,44.601078,43.974331,,2.310200,1,-8.768460,
3,97.139999,0.905530,799.992859,44.601078,43.974331,,2.310200,1,-8.768460,
3,97.139999,0.905530,799.992859,44.601078,43.974331,,2.310200,1,-8.768460,
3,97.644997,0.896530,799.916992,44.601078,43.974331,,2.310200,1,-8.768460,
3,97.644997,0.896530,799.916992,44.601078,43.974331,,2.310200,1,-8.768460,
3,98.154999,0.887450,799.982910,44.601078,43.974331,,2.310200,1,-8.768460,
3,98.154999,0.887450,799.982910,44.601078,43.974331,,2.310200,1,-8.768460,
3,98.664001,0.878360,799.910645,44.601078,43.974331,,2.310200,1,-8.768460,
3,98.664001,0.878360,799.910645,44.601078,43.974331,,2.310200,1,-8.768460,
3,99.184998,0.866290,799.988159,44.601078,43.974331,,2.310200,1,-8.768460,
3,99.184998,0.866290,799.988159,44.601078,43.974331,,2.310200,1,-8.768460,
3,99.694000,0.857270,799.947632,44.601078,43.974331,,2.310200,1,-8.768460,
3,99.694000,0.857270,799.947632,44.601078,43.974331,,2.310200,1,-8.768460,
3,100.203003,0.848190,799.979736,44.601078,43.974331,,2.310200,1,-8.768460,
3,100.203003,0.848190,799.979736,44.601078,43.974331,,2.310200,1,-8.768460,
3,100.710999,0.839090,799.923828,44.601078,43.974331,,2.310200,1,-8.768460,
3,100.710999,0.839090,799.923828,44.601078,43.974331,,2.310200,1,-8.768460,
3,101.220001,0.829990,799.943665,44.601078,43.974331,,2.310200,1,-8.768460,
3,101.220001,0.829990,799.943665,44.601078,43.974331,,2.310200,1,-8.768460,
3,101.727997,0.817900,799.938293,44.601078,43.974331,,2.310200,1,-8.768460,
3,101.727997,0.817900,799.938293,44.601078,43.974331,,2.310200,1,-8.768460,
3,102.245003,0.808820,799.916565,44.601078,43.974331,,2.310200,1,-8.768460,
3,102.245003,0.808820,799.916565,44.601078,43.974331,,2.310200,1,-8.768460,
3,102.750999,0.799680,799.862671,44.601078,43.974331,,2.310200,1,-8.768460,
3,102.750999,0.799680,799.862671,44.601078,43.974331,,2.310200,1,-8.768460,
3,103.255997,0.790580,799.764954,44.601078,43.974331,,2.310200,1,-8.768460,
3,103.255997,0.790580,799.764954,44.601078,43.974331,,2.310200,1,-8.768460,
3,103.764000,0.781510,799.771973,44.601078,43.974331,,2.310200,1,-8.768460,
3,103.764000,0.781510,799.771973,44.601078,43.974331,,2.310200,1,-8.768460,
3,104.272003,0.769390,799.841736,44.601078,43.974331,,2.310200,1,-8.768460,
3,104.272003,0.769390,799.841736,44.601078,43.974331,,2.310200,1,-8.768460,
3,104.780998,0.760260,799.932678,44.601078,43.974331,,2.310200,1,-8.768460,
3,104.780998,0.760260,799.932678,44.601078,43.974331,,2.310200,1,-8.768460,
3,105.306000,0.751110,799.969666,44.601078,43.974331,,2.310200,1,-8.768460,
3,105.306000,0.751110,799.969666,44.601078,43.974331,,2.310200,1,-8.768460,
3,105.814003,0.741960,799.987671,44.601078,43.974331,,2.310200,1,-8.768460,
3,105.814003,0.741960,799.987671,44.601078,43.974331,,2.310200,1,-8.768460,
3,106.322998,0.729690,800.008057,44.601078,43.974331,,2.310200,1,-8.768460,
3,106.322998,0.729690,800.008057,44.601078,43.974331,,2.310200,1,-8.768460,
3,106.828003,0.720440,799.930786,44.601078,43.974331,,2.310200,1,-8.768460,
3,106.828003,0.720440,799.930786,44.601078,43.974331,,2.310200,1,-8.768460,
3,107.336998,0.711220,799.912354,44.601078,43.974331,,2.310200,1,-8.768460,
3,107.336998,0.711220,799.912354,44.601078,43.974331,,2.310200,1,-8.768460,
3,107.846001,0.702040,799.902222,44.601078,43.974331,,2.310200,1,-8.768460,
3,107.846001,0.702040,799.902222,44.601078,43.974331,,2.310200,1,-8.768460,
3,108.362999,0.692790,799.999878,44.601078,43.974331,,2.310200,1,-8.768460,
3,108.362999,0.692790,799.999878,44.601078,43.974331,,2.310200,1,-8.768460,
3,108.872002,0.680470,799.891968,44.601078,43.974331,,2.310200,1,-8.768460,
3,108.872002,0.680470,799.891968,44.601078,43.974331,,2.310200,1,-8.768460,
3,109.376999,0.671210,799.888611,44.601078,43.974331,,2.310200,1,-8.768460,
3,109.376999,0.671210,799.888611,44.601078,43.974331,,2.310200,1,-8.768460,
3,109.880997,0.662000,799.876526,44.601078,43.974331,,2.310200,1,-8.768460,
3,109.880997,0.662000,799.876526,44.601078,43.974331,,2.310200,1,-8.768460,
3,110.389999,0.652750,799.903320,44.601078,43.974331,,2.310200,1,-8.768460,
3,110.389999,0.652750,799.903320,44.601078,43.974331,,2.310200,1,-8.768460,
3,110.899002,0.643520,799.962158,44.601078,43.974331,,2.310200,1,-8.768460,
3,110.899002,0.643520,799.962158,44.601078,43.974331,,2.310200,1,-8.768460,
3,111.415001,0.631170,799.950195,44.601078,43.974331,,2.310200,1,-8.768460,
3,111.415001,0.631170,799.950195,44.601078,43.974331,,2.310200,1,-8.768460,
3,111.925003,0.621870,799.916687,44.601078,43.974331,,2.310200,1,-8.768460,
3,111.925003,0.621870,799.916687,44.601078,43.974331,,2.310200,1,-8.768460,
3,112.432999,0.612520,799.884949,44.601078,43.974331,,2.310200,1,-8.768460,
3,112.432999,0.612520,799.884949,44.601078,43.974331,,2.310200,1,-8.768460,
3,112.941002,0.603160,799.898315,44.601078,43.974331,,2.310200,1,-8.768460,
3,112.941002,0.603160,799.898315,44.601078,43.974331,,2.310200,1,-8.768460,
3,113.449997,0.593800,799.895325,44.601078,43.974331,,2.310200,1,-8.768460,
3,113.449997,0.593800,799.895325,44.601078,43.974331,,2.310200,1,-8.768460,
3,113.959999,0.581400,799.982849,44.601078,43.974331,,2.310200,1,-8.768460,
3,113.959999,0.581400,799.982849,44.601078,43.974331,,2.310200,1,-8.768460,
3,114.475998,0.572070,799.968079,44.601078,43.974331,,2.310200,1,-8.768460,
3,114.475998,0.572070,799.968079,44.601078,43.974331,,2.310200,1,-8.768460,
3,114.981003,0.562730,799.890442,44.601078,43.974331,,2.310200,1,-8.768460,
3,114.981003,0.562730,799.890442,44.601078,43.974331,,2.310200,1,-8.768460,
3,115.489998,0.553350,799.866943,44.601078,43.974331,,2.310200,1,-8.768460,
3,115.489998,0.553350,799.866943,44.601078,43.974331,,2.310200,1,-8.768460,
3,115.999001,0.543920,799.836365,44.601078,43.974331,,2.310200,1,-8.768460,
3,115.999001,0.543920,799.836365,44.601078,43.974331,,2.310200,1,-8.768460,
3,116.503998,0.531360,799.910217,44.601078,43.974331,,2.310200,1,-8.768460,
3,116.503998,0.531360,799.910217,44.601078,43.974331,,2.310200,1,-8.768460,
3,117.012001,0.521990,799.977356,44.601078,43.974331,,2.310200,1,-8.768460,
3,117.012001,0.521990,799.977356,44.601078,43.974331,,2.310200,1,-8.768460,
3,117.528999,0.512580,799.923401,44.601078,43.974331,,2.310200,1,-8.768460,
3,117.528999,0.512580,799.923401,44.601078,43.974331,,2.310200,1,-8.768460,
3,118.038002,0.503170,799.898560,44.601078,43.974331,,2.310200,1,-8.768460,
3,118.038002,0.503170,799.898560,44.601078,43.974331,,2.310200,1,-8.768460,
3,118.546997,0.493750,799.858276,44.601078,43.974331,,2.310200,1,-8.768460,
3,118.546997,0.493750,799.858276,44.601078,43.974331,,2.310200,1,-8.768460,
3,119.056000,0.481150,799.974365,44.601078,43.974331,,2.310200,1,-8.768460,
3,119.056000,0.481150,799.974365,44.601078,43.974331,,2.310200,1,-8.768460,
3,119.564003,0.471720,799.981018,44.601078,43.974331,,2.310200,1,-8.768460,
3,119.564003,0.471720,799.981018,44.601078,43.974331,,2.310200,1,-8.768460,
3,120.081001,0.462230,799.969177,44.601078,43.974331,,2.310200,1,-8.768460,
3,120.081001,0.462230,799.969177,44.601078,43.974331,,2.310200,1,-8.768460,
3,120.589996,0.452760,799.949158,44.601078,43.974331,,2.310200,1,-8.768460,
3,120.589996,0.452760,799.949158,44.601078,43.974331,,2.310200,1,-8.768460,
3,121.098999,0.443240,799.910522,44.601078,43.974331,,2.310200,1,-8.768460,
3,121.098999,0.443240,799.910522,44.601078,43.974331,,2.310200,1,-8.768460,
3,121.608002,0.430610,800.011353,44.601078,43.974331,,2.310200,1,-8.768460,
3,121.608002,0.430610,800.011353,44.601078,43.974331,,2.310200,1,-8.768460,
3,122.115997,0.421080,799.977356,44.601078,43.974331,,2.310200,1,-8.768460,
3,122.115997,0.421080,799.977356,44.601078,43.974331,,2.310200,1,-8.768460,
3,122.624001,0.411570,800.034607,44.601078,43.974331,,2.310200,1,-8.768460,
3,122.624001,0.411570,800.034607,44.601078,43.974331,,2.310200,1,-8.768460,
3,123.139000,0.402080,800.063904,44.601078,43.974331,,2.310200,1,-8.768460,
3,123.139000,0.402080,800.063904,44.601078,43.974331,,2.310200,1,-8.768460,
3,123.647003,0.389400,799.996704,44.601078,43.974331,,2.310200,1,-8.768460,
3,123.647003,0.389400,799.996704,44.601078,43.974331,,2.310200,1,-8.768460,
3,124.154999,0.379910,799.957825,44.601078,43.974331,,2.310200,1,-8.768460,
3,124.154999,0.379910,799.957825,44.601078,43.974331,,2.310200,1,-8.768460,
3,124.663002,0.370340,799.905334,44.601078,43.974331,,2.310200,1,-8.768460,
3,124.663002,0.370340,799.905334,44.601078,43.974331,,2.310200,1,-8.768460,
3,125.170998,0.360820,799.945801,44.601078,43.974331,,2.310200,1,-8.768460,
3,125.170998,0.360820,799.945801,44.601078,43.974331,,2.310200,1,-8.768460,
3,125.680000,0.351260,799.950928,44.601078,43.974331,,2.310200,1,-8.768460,
3,125.680000,0.351260,799.950928,44.601078,43.974331,,2.310200,1,-8.768460,
3,126.196999,0.338510,799.861633,44.601078,43.974331,,2.310200,1,-8.768460,
3,126.196999,0.338510,799.861633,44.601078,43.974331,,2.310200,1,-8.768460,
3,126.706001,0.328910,799.888611,44.601078,43.974331,,2.310200,1,-8.768460,
3,126.706001,0.328910,799.888611,44.601078,43.974331,,2.310200,1,-8.768460,
3,127.213997,0.319300,799.824524,44.601078,43.974331,,2.310200,1,-8.768460,
3,127.213997,0.319300,799.824524,44.601078,43.974331,,2.310200,1,-8.768460,
3,127.723000,0.309710,799.839600,44.601078,43.974331,,2.310200,1,-8.768460,
3,127.723000,0.309710,799.839600,44.601078,43.974331,,2.310200,1,-8.768460,
3,128.231995,0.300160,799.898376,44.601078,43.974331,,2.310200,1,-8.768460,
3,128.231995,0.300160,799.898376,44.601078,43.974331,,2.310200,1,-8.768460,
3,128.740997,0.287350,800.057129,44.601078,43.974331,,2.310200,1,-8.768460,
3,128.740997,0.287350,800.057129,44.601078,43.974331,,2.310200,1,-8.768460,
3,129.261993,0.277740,800.063965,44.601078,43.974331,,2.310200,1,-8.768460,
3,129.261993,0.277740,800.063965,44.601078,43.974331,,2.310200,1,-8.768460,
3,129.770004,0.268110,800.050598,44.601078,43.974331,,2.310200,1,-8.768460,
3,129.770004,0.268110,800.050598,44.601078,43.974331,,2.310200,1,-8.768460,
3,130.274994,0.258540,800.020142,44.601078,43.974331,,2.310200,1,-8.768460,
3,130.274994,0.258540,800.020142,44.601078,43.974331,,2.310200,1,-8.768460,
3,130.783997,0.248920,799.937317,44.601078,43.974331,,2.310200,1,-8.768460,
3,130.783997,0.248920,799.937317,44.601078,43.974331,,2.310200,1,-8.768460,
3,131.292999,0.236130,799.967651,44.601078,43.974331,,2.310200,1,-8.768460,
3,131.292999,0.236130,799.967651,44.601078,43.974331,,2.310200,1,-8.768460,
3,131.802002,0.226490,799.954285,44.601078,43.974331,,2.310200,1,-8.768460,
3,131.802002,0.226490,799.954285,44.601078,43.974331,,2.310200,1,-8.768460,
3,132.322998,0.216890,799.945923,44.601078,43.974331,,2.310200,1,-8.768460,
3,132.322998,0.216890,799.945923,44.601078,43.974331,,2.310200,1,-8.768460,
3,132.830994,0.207260,800.003174,44.601078,43.974331,,2.310200,1,-8.768460,
3,132.830994,0.207260,800.003174,44.601078,43.974331,,2.310200,1,-8.768460,
3,133.339996,0.194420,799.982727,44.601078,43.974331,,2.310200,1,-8.768460,
3,133.339996,0.194420,799.982727,44.601078,43.974331,,2.310200,1,-8.768460,
3,133.852997,0.184780,800.046936,44.601078,43.974331,,2.310200,1,-8.768460,
3,133.852997,0.184780,800.046936,44.601078,43.974331,,2.310200,1,-8.768460,
3,134.373001,0.175110,799.999634,44.601078,43.974331,,2.310200,1,-8.768460,
3,134.373001,0.175110,799.999634,44.601078,43.974331,,2.310200,1,-8.768460,
3,134.899002,0.165530,799.976135,44.601078,43.974331,,2.310200,1,-8.768460,
3,134.899002,0.165530,799.976135,44.601078,43.974331,,2.310200,1,-8.768460,
3,135.429993,0.152740,800.040283,44.601078,43.974331,,2.310200,1,-8.768460,
3,135.429993,0.152740,800.040283,44.601078,43.974331,,2.310200,1,-8.768460,
3,135.945999,0.143120,800.080750,44.601078,43.974331,,2.310200,1,-8.768460,
3,135.945999,0.143120,800.080750,44.601078,43.974331,,2.310200,1,-8.768460,
3,136.479996,0.133490,800.095642,44.601078,43.974331,,2.310200,1,-8.768460,
3,136.479996,0.133490,800.095642,44.601078,43.974331,,2.310200,1,-8.768460,
3,136.994995,0.120670,800.044617,44.601078,43.974331,,2.310200,1,-8.768460,
3,136.994995,0.120670,800.044617,44.601078,43.974331,,2.310200,1,-8.768460,
3,137.511002,0.111120,799.956848,44.601078,43.974331,,2.310200,1,-8.768460,
3,137.511002,0.111120,799.956848,44.601078,43.974331,,2.310200,1,-8.768460,
3,138.044998,0.101590,799.980774,44.601078,43.974331,,2.310200,1,-8.768460,
3,138.044998,0.101590,799.980774,44.601078,43.974331,,2.310200,1,-8.768460,
3,138.044998,0.101590,799.980774,44.601078,43.974331,1,2.310200,1,-8.768460,0
3,138.106003,0.098400,800.054932,44.601078,43.974331,1,2.310200,1,-8.768460,0
